ISS (ZARYA)             
1 25544U 98067A   23176.18715566  .00030804  00000+0  53796-3 0  9995
2 25544  51.6437 288.8772 0004488  77.3404 345.1305 15.50394583403033
AEROCUBE 12B            
1 43557U 18046D   23176.12967170  .00210321  00000+0  12703-2 0  9998
2 43557  51.6229 145.0081 0005434  16.1407 343.9765 15.76446280276965
ISS DEB                 
1 47853U 98067RZ  23175.51690547  .00032405  00000+0  28634-3 0  9991
2 47853  51.6357 261.3788 0002032 317.8023  42.2816 15.68354415129964
CSS (TIANHE)            
1 48274U 21035A   23176.10673946  .00016304  00000+0  20543-3 0  9991
2 48274  41.4741 107.7826 0005722 139.2820 220.8447 15.59235996123074
ISS (NAUKA)             
1 49044U 21066A   23172.50173489  .00015733  00000+0  28063-3 0  9998
2 49044  51.6410 307.1433 0004553  65.1884 294.9578 15.50243745402455
FREGAT DEB              
1 49271U 11037PF  23174.58007258 -.00013200  00000+0 -36816-1 0  9999
2 49271  51.6516 286.1114 0969081  91.4405 279.7481 12.05007302 91679
CSS (WENTIAN)           
1 53239U 22085A   23172.32771504  .00000141  00000+0  58996-5 0  9990
2 53239  41.4746 130.7235 0004813  98.5802 261.5581 15.59339219 51921
CSS (MENGTIAN)          
1 54216U 22143A   23172.32771504  .00000141  00000+0  58996-5 0  9991
2 54216  41.4746 130.7235 0004813  98.5802 261.5581 15.59339219 36403
TIANZHOU-5              
1 54237U 22152A   23172.32771504  .00000141  00000+0  58996-5 0  9994
2 54237  41.4746 130.7235 0004813  98.5802 261.5581 15.59339219 34606
ORCASAT                 
1 55126U 98067UT  23175.49663904  .00607872  17504-3  11583-2 0  9998
2 55126  51.6275 269.2646 0009904 329.8631  30.1808 15.99955606 27842
SPORT                   
1 55129U 98067UW  23175.51983618  .00088514  00000+0  71697-3 0  9999
2 55129  51.6321 280.0420 0000685 236.4666 123.6266 15.70029890 27691
HSKSAT                  
1 55182U 98067UZ  23175.67289504  .00652092  20379-3  11888-2 0  9996
2 55182  51.6200 268.8877 0010478 339.9388  20.1209 16.00710601 26572
OPTIMAL-1               
1 55183U 98067VA  23175.90698273  .00169611  00000+0  93437-3 0  9996
2 55183  51.6363 274.3874 0002737 286.6471  73.4229 15.78649574 26524
ISS DEB (SPX-26 IPA FSE)
1 55448U 98067VB  23175.71064916  .00038458  00000+0  43478-3 0  9994
2 55448  51.6364 284.3403 0004113 129.0548 231.0812 15.62056234 22437
PROGRESS-MS 22          
1 55560U 23018A   23172.50173489  .00015733  00000+0  28063-3 0  9997
2 55560  51.6410 307.1433 0004553  65.1884 294.9578 15.50243745402455
SOYUZ-MS 23             
1 55688U 23024A   23172.50173489  .00015733  00000+0  28063-3 0  9995
2 55688  51.6410 307.1433 0004553  65.1884 294.9578 15.50243745402456
CREW DRAGON 6           
1 55740U 23027A   23172.50173489  .00015733  00000+0  28063-3 0  9997
2 55740  51.6410 307.1433 0004553  65.1884 294.9578 15.50243745 17255
ARKSAT 1                
1 56311U 98067VC  23175.04796703  .00074354  00000+0  97137-3 0  9992
2 56311  51.6382 292.6564 0002740  92.8879 267.2426 15.57978781  9436
AURORASAT               
1 56312U 98067VD  23175.61232700  .00097661  00000+0  12183-2 0  9991
2 56312  51.6372 289.6720 0002172  67.5545 292.5677 15.59084791  9557
EX-ALTA-2               
1 56313U 98067VE  23175.30469298  .00074509  00000+0  97115-3 0  9997
2 56313  51.6367 291.3680 0002678  88.6139 271.5160 15.58039330  9496
LIGHTCUBE               
1 56314U 98067VF  23175.80930608  .00090721  00000+0  11420-2 0  9999
2 56314  51.6368 288.7358 0003832  55.7273 304.4082 15.58874532  9600
NEUDOSE                 
1 56315U 98067VG  23175.92111301  .00057251  00000+0  80250-3 0  9993
2 56315  51.6379 288.7331 0004893  88.3059 271.8493 15.56190397  9562
YUKONSAT                
1 56316U 98067VH  23175.71145290  .00067031  00000+0  90496-3 0  9995
2 56316  51.6374 289.5829 0004254  76.6610 283.4856 15.57138304  9555
ISS DEB                 
1 56434U 98067VJ  23176.03719438  .00053240  00000+0  78649-3 0  9996
2 56434  51.6390 288.7614 0003740 113.3080 246.8305 15.54798658  8143
TIANZHOU-6              
1 56446U 23063A   23172.32771504  .00000141  00000+0  58996-5 0  9990
2 56446  41.4746 130.7235 0004813  98.5802 261.5581 15.59339219  6520
PROGRESS-MS 23          
1 56740U 23071A   23172.50173489  .00015733  00000+0  28063-3 0  9997
2 56740  51.6410 307.1433 0004553  65.1884 294.9578 15.50243745  4331
AXIOM-2 DEB             
1 56751U 23070B   23175.35937150  .00196518  00000+0  10284-2 0  9993
2 56751  51.4301 288.5263 0055263 254.8777 104.6104 15.77451546  3830
SHENZHOU-16 (SZ-16)     
1 56761U 23077A   23172.32771504  .00000141  00000+0  58996-5 0  9995
2 56761  41.4746 130.7235 0004813  98.5802 261.5581 15.59339219  3471
DRAGON CRS-28           
1 56845U 23080A   23172.50173489  .00015733  00000+0  28063-3 0  9993
2 56845  51.6410 307.1433 0004553  65.1884 294.9578 15.50243745  2458
