NOAA 15                 
1 25338U 98030A   23176.36432497  .00000308  00000+0  14648-3 0  9994
2 25338  98.6047 205.2810 0009164 292.4587  67.5622 14.26340518306429
DMSP 5D-3 F15 (USA 147) 
1 25991U 99067A   23176.47944448  .00000252  00000+0  14905-3 0  9990
2 25991  99.0693 179.9188 0009525 205.6369 271.8404 14.16751564216600
DMSP 5D-3 F16 (USA 172) 
1 28054U 03048A   23176.45342903  .00000115  00000+0  84799-4 0  9990
2 28054  99.0112 174.7543 0007142 352.8167 169.4165 14.13819389 15724
NOAA 18                 
1 28654U 05018A   23176.49300829  .00000280  00000+0  17415-3 0  9993
2 28654  98.9093 250.8431 0014077   1.2831 358.8375 14.12958832932749
METEOSAT-9 (MSG-2)      
1 28912U 05049B   23175.75351174  .00000137  00000+0  00000+0 0  9990
2 28912   6.8626  63.7156 0001572 172.0779 353.8590  1.00268054 64164
EWS-G1 (GOES 13)        
1 29155U 06018A   23172.81756907  .00000043  00000+0  00000+0 0  9990
2 29155   1.5416  91.7221 0002821  86.8158  86.8398  1.00274805 32433
DMSP 5D-3 F17 (USA 191) 
1 29522U 06050A   23176.43954527  .00000123  00000+0  87267-4 0  9998
2 29522  98.7525 189.2780 0008784 281.2761  78.7425 14.14259281858626
FENGYUN 3A              
1 32958U 08026A   23176.46210017  .00000202  00000+0  11718-3 0  9997
2 32958  98.5555 129.9749 0009385  32.1027 328.0719 14.18881897781233
FENGYUN 2E              
1 33463U 08066A   23175.87258829 -.00000193  00000+0  00000+0 0  9998
2 33463   6.7368  62.9475 0000653 296.5649 313.7325  1.00280519 53175
NOAA 19                 
1 33591U 09005A   23176.39687248  .00000248  00000+0  15826-3 0  9999
2 33591  99.0986 222.4548 0013284 216.1875 143.8399 14.12775802741106
GOES 14                 
1 35491U 09033A   23176.16736062 -.00000052  00000+0  00000+0 0  9993
2 35491   0.3546 104.8228 0005742 331.0131 148.8266  1.00272635 51240
METEOR-M 1              
1 35865U 09049A   23176.42647468  .00000198  00000+0  10783-3 0  9998
2 35865  98.5805 140.9822 0001655 191.8594 168.2545 14.22509035714705
DMSP 5D-3 F18 (USA 210) 
1 35951U 09057A   23176.41290077  .00000361  00000+0  21329-3 0  9992
2 35951  98.7673 152.6050 0012317 103.3368 256.9178 14.13785686705809
GOES 15                 
1 36411U 10008A   23176.06984682  .00000127  00000+0  00000+0 0  9994
2 36411   0.3767  95.7461 0000833  25.4705  11.8258  1.00165009 48738
COMS 1                  
1 36744U 10032A   23176.04701866 -.00000332  00000+0  00000+0 0  9998
2 36744   2.0159  88.6337 0000888   5.0815 324.2880  1.00272112 47746
FENGYUN 3B              
1 37214U 10059A   23176.42232205  .00000126  00000+0  89752-4 0  9994
2 37214  99.0829 193.9316 0022653  25.6618 110.9927 14.14349865653675
SUOMI NPP               
1 37849U 11061A   23176.43173663  .00000127  00000+0  80784-4 0  9992
2 37849  98.7045 115.0094 0000793  99.0151  38.9283 14.19540996604102
FENGYUN 2F              
1 38049U 12002A   23176.15450980 -.00000345  00000+0  00000+0 0  9991
2 38049   4.7064  76.6077 0004111  82.9959 281.2109  1.00270721 41984
METEOSAT-10 (MSG-3)     
1 38552U 12035B   23175.34910299  .00000000  00000+0  00000+0 0  9997
2 38552   2.1882  55.8772 0000744 346.6182 355.0122  1.00269388 40295
METOP-B                 
1 38771U 12049A   23176.47341532  .00000184  00000+0  10394-3 0  9992
2 38771  98.6778 235.7096 0001234  82.2041 339.7255 14.21502927558726
FENGYUN 3C              
1 39260U 13052A   23176.43931900  .00000136  00000+0  89753-4 0  9994
2 39260  98.4275 190.1250 0009823 280.6457  79.3612 14.16047773504691
METEOR-M 2              
1 40069U 14037A   23176.43986337  .00000101  00000+0  65940-4 0  9995
2 40069  98.4227 182.0314 0004948 330.1473  29.9422 14.20787192464821
HIMAWARI-8              
1 40267U 14060A   23176.06792194 -.00000263  00000+0  00000+0 0  9997
2 40267   0.0198  66.6596 0001076  54.4703 316.9157  1.00269981 31950
FENGYUN 2G              
1 40367U 14090A   23176.05081075 -.00000284  00000+0  00000+0 0  9992
2 40367   2.8748  85.5851 0002910  63.4975 241.2942  1.00258130 31120
METEOSAT-11 (MSG-4)     
1 40732U 15034A   23176.08799279  .00000075  00000+0  00000+0 0  9999
2 40732   0.6069  43.2574 0000651  33.1523 237.3912  1.00272698 29107
ELEKTRO-L 2             
1 41105U 15074A   23176.17158628 -.00000104  00000+0  00000+0 0  9999
2 41105   3.9282  83.7534 0001243  84.1902 152.3898  1.00271759 27604
HIMAWARI-9              
1 41836U 16064A   23175.60535522 -.00000263  00000+0  00000+0 0  9995
2 41836   0.0161  71.6565 0001147  59.8002 139.7197  1.00273684 24384
GOES 16                 
1 41866U 16071A   23175.41930066 -.00000237  00000+0  00000+0 0  9998
2 41866   0.0164  99.9026 0000234  18.8622 229.2926  1.00271351 24186
FENGYUN 4A              
1 41882U 16077A   23175.51892050 -.00000319  00000+0  00000+0 0  9994
2 41882   0.0352   3.1748 0003170 150.2898  50.4250  1.00274882 24062
CYGFM05                 
1 41884U 16078A   23175.71024328  .00006803  00000+0  30606-3 0  9996
2 41884  34.9560  37.7270 0013470 195.3581 164.6725 15.20329075361484
CYGFM04                 
1 41885U 16078B   23175.68849894  .00007446  00000+0  32889-3 0  9995
2 41885  34.9496  24.8738 0012241 215.4645 144.5254 15.20953740361609
CYGFM02                 
1 41886U 16078C   23175.27567781  .00006601  00000+0  29139-3 0  9999
2 41886  34.9589  29.7880 0012848 205.1941 154.8147 15.20992607361535
CYGFM01                 
1 41887U 16078D   23174.97449167  .00006671  00000+0  30222-3 0  9995
2 41887  34.9531  45.3696 0013792 187.3477 172.7035 15.20091680361330
CYGFM08                 
1 41888U 16078E   23175.68847279  .00006746  00000+0  30047-3 0  9999
2 41888  34.9500  31.6526 0013296 208.7098 151.2884 15.20676531361500
CYGFM07                 
1 41890U 16078G   23175.69993531  .00007318  00000+0  32194-3 0  9997
2 41890  34.9523  24.4542 0011763 213.3289 146.6684 15.21101250361606
CYGFM03                 
1 41891U 16078H   23175.71226547  .00007067  00000+0  31252-3 0  9992
2 41891  34.9557  25.1413 0011312 211.5023 148.5013 15.20932284361598
FENGYUN 3D              
1 43010U 17072A   23176.45409568  .00000148  00000+0  92073-4 0  9992
2 43010  98.8620 125.0912 0000507 321.8768  38.2371 14.19176173290678
NOAA 20                 
1 43013U 17073A   23176.43975220  .00000130  00000+0  82154-4 0  9997
2 43013  98.7124 114.7902 0001653  86.9753 273.1613 14.19540563290148
GOES 17                 
1 43226U 18022A   23176.46124185 -.00000076  00000+0  00000+0 0  9992
2 43226   0.0288 152.1591 0002161 308.5578 233.9419  1.00271475 19522
FENGYUN 2H              
1 43491U 18050A   23176.04680118 -.00000114  00000+0  00000+0 0  9997
2 43491   2.0967  90.9899 0003177  68.0200 209.8447  1.00269158 18606
METOP-C                 
1 43689U 18087A   23176.42768667  .00000187  00000+0  10549-3 0  9996
2 43689  98.6823 235.8054 0003579  56.4118 303.7401 14.21494249240299
GEO-KOMPSAT-2A          
1 43823U 18100A   23176.47782682 -.00000329  00000+0  00000+0 0  9996
2 43823   0.0454 158.2136 0002369 291.6920 123.7221  1.00272164 16750
METEOR-M2 2             
1 44387U 19038A   23176.39362526  .00000081  00000+0  54778-4 0  9995
2 44387  98.7759 140.2813 0000224 331.9330  28.1836 14.23788573206477
FENGYUN 3E              
1 49008U 21062A   23176.39891863  .00000037  00000+0  37981-4 0  9999
2 49008  98.7211 177.6961 0001663  26.0692 334.0567 14.19685307102239
GOES 18                 
1 51850U 22021A   23176.39910590  .00000111  00000+0  00000+0 0  9992
2 51850   0.0398 168.6632 0000458 238.4141 232.8645  1.00272885  4897
NOAA 21 (JPSS-2)        
1 54234U 22150A   23176.38534729  .00000144  00000+0  88755-4 0  9993
2 54234  98.7165 114.2084 0001527  76.2053 283.9293 14.19556909 32217
METEOSAT-12             
1 54743U 22170C   23176.31714248 -.00000016  00000+0  00000+0 0  9990
2 54743   0.6155 311.1849 0002890 127.1343 305.6688  1.00271581  2068
