NOAA 15                 
1 25338U 98030A   23299.12251716  .00000231  00000+0  11388-3 0  9990
2 25338  98.5957 325.8847 0009322 293.8372  66.1831 14.26418479323923
DMSP 5D-3 F15 (USA 147) 
1 25991U 99067A   23298.92604615  .00000276  00000+0  16086-3 0  9992
2 25991  99.0737 304.7697 0009329 219.5740 200.6052 14.16827813233947
DMSP 5D-3 F16 (USA 172) 
1 28054U 03048A   23299.21815024  .00000228  00000+0  14416-3 0  9992
2 28054  99.0194 298.5531 0007390   5.4888  61.3849 14.13878184 33077
NOAA 18                 
1 28654U 05018A   23299.20858798  .00000289  00000+0  17829-3 0  9999
2 28654  98.8992  12.9015 0014303  13.3571 346.7977 14.13038377950072
METEOSAT-9 (MSG-2)      
1 28912U 05049B   23298.51080478  .00000126  00000+0  00000+0 0  9994
2 28912   7.1403  62.7475 0002516 167.5402  32.9320  1.00270389 65368
EWS-G1 (GOES 13)        
1 29155U 06018A   23298.92341005  .00000035  00000+0  00000+0 0  9991
2 29155   1.8389  89.4765 0005107 140.3407 198.0736  1.00267996 63838
DMSP 5D-3 F17 (USA 191) 
1 29522U 06050A   23299.18528978  .00000237  00000+0  14658-3 0  9992
2 29522  98.7528 309.5743 0008943 292.0548  67.9675 14.14319724875978
FENGYUN 3A              
1 32958U 08026A   23299.16093954  .00000212  00000+0  12179-3 0  9992
2 32958  98.5719 248.5030 0009472  37.0153 323.1675 14.18944714798634
FENGYUN 2E              
1 33463U 08066A   23298.59400179 -.00000200  00000+0  00000+0 0  9999
2 33463   7.0134  62.0361 0001465 223.5096  48.3030  1.00266203 54419
NOAA 19                 
1 33591U 09005A   23299.12807060  .00000257  00000+0  16291-3 0  9999
2 33591  99.0842 347.0557 0013149 231.9898 128.0086 14.12849876758436
GOES 14                 
1 35491U 09033A   23298.90882713 -.00000071  00000+0  00000+0 0  9996
2 35491   0.2999 263.9493 0002836 251.8332  96.8606  1.00270973 52429
DMSP 5D-3 F18 (USA 210) 
1 35951U 09057A   23299.19752239  .00000328  00000+0  19596-3 0  9992
2 35951  98.7848 273.1377 0012090 112.6425 247.6028 14.13889137723154
GOES 15                 
1 36411U 10008A   23298.83382779  .00000010  00000+0  00000+0 0  9994
2 36411   0.2879 274.1793 0005945 323.8964 166.5448  0.99974239 49968
COMS 1                  
1 36744U 10032A   23298.87063205 -.00000348  00000+0  00000+0 0  9999
2 36744   2.3418  87.5047 0000933 135.1648 252.9300  1.00270305 41417
FENGYUN 3B              
1 37214U 10059A   23299.21715403  .00000136  00000+0  95132-4 0  9993
2 37214  99.0789 318.7770 0022787  38.5673  29.7633 14.14394250671032
SUOMI NPP               
1 37849U 11061A   23299.12028472  .00000139  00000+0  86407-4 0  9992
2 37849  98.7146 235.6566 0000807 108.8245 263.4217 14.19541166621512
FENGYUN 2F              
1 38049U 12002A   23298.81059779 -.00000358  00000+0  00000+0 0  9994
2 38049   5.0084  75.4280 0002065  62.5857 299.5315  1.00272288 43219
METEOSAT-10 (MSG-3)     
1 38552U 12035B   23298.28672149 -.00000014  00000+0  00000+0 0  9991
2 38552   2.4446  58.2180 0000386 204.3481 233.6018  1.00272513 41175
METOP-B                 
1 38771U 12049A   23299.15209560  .00000176  00000+0  10033-3 0  9998
2 38771  98.6630 356.2385 0001040  84.4042 301.6641 14.21494578576159
FENGYUN 3C              
1 39260U 13052A   23299.17229118  .00000154  00000+0  98500-4 0  9992
2 39260  98.4286 306.3169 0009970 287.1242  72.8841 14.16095904522062
METEOR-M 2              
1 40069U 14037A   23299.18643316  .00000153  00000+0  89864-4 0  9998
2 40069  98.4287 299.1064 0005134 332.5734  27.5172 14.20831369482252
HIMAWARI-8              
1 40267U 14060A   23298.86507488 -.00000281  00000+0  00000+0 0  9990
2 40267   0.0483  86.3878 0000904 113.2757 286.4352  1.00271619 33086
FENGYUN 2G              
1 40367U 14090A   23298.88035466 -.00000304  00000+0  00000+0 0  9994
2 40367   3.1855  84.2055 0000393 347.1707  18.9075  1.00280892 32322
METEOSAT-11 (MSG-4)     
1 40732U 15034A   23298.57520154  .00000058  00000+0  00000+0 0  9993
2 40732   0.8408  57.8129 0002114 228.7409 323.4782  1.00275475 30339
ELEKTRO-L 2             
1 41105U 15074A   23298.28393677 -.00000118  00000+0  00000+0 0  9996
2 41105   4.2365  82.2590 0003329 156.7221 242.1477  1.00270075 28829
HIMAWARI-9              
1 41836U 16064A   23298.86507488 -.00000280  00000+0  00000+0 0  9998
2 41836   0.0133 224.6323 0005253  64.0504 197.4969  1.00274364 25523
GOES 16                 
1 41866U 16071A   23298.89216081 -.00000254  00000+0  00000+0 0  9999
2 41866   0.0454 281.6543 0000858 331.3163  27.0416  1.00271525 25426
FENGYUN 4A              
1 41882U 16077A   23298.80911840 -.00000336  00000+0  00000+0 0  9990
2 41882   0.1571 289.8998 0005377  87.8284  52.0944  1.00275532 25300
CYGFM05                 
1 41884U 16078A   23298.83900378  .00007369  00000+0  31423-3 0  9999
2 41884  34.9552 345.2166 0013864 219.5286 140.4417 15.22129778380148
CYGFM04                 
1 41885U 16078B   23299.15273340  .00007679  00000+0  32024-3 0  9990
2 41885  34.9488 329.3405 0012645 242.2416 117.7015 15.22891953380423
CYGFM02                 
1 41886U 16078C   23298.41447528  .00007253  00000+0  30290-3 0  9991
2 41886  34.9573 336.4243 0013143 229.7698 130.1866 15.22849127380232
CYGFM01                 
1 41887U 16078D   23298.84499853  .00007189  00000+0  30883-3 0  9993
2 41887  34.9518 348.4629 0014257 218.2942 141.6759 15.21882744380087
CYGFM08                 
1 41888U 16078E   23298.46001019  .00006616  00000+0  27918-3 0  9994
2 41888  34.9497 340.8996 0013578 229.6245 130.3284 15.22510859380189
CYGFM07                 
1 41890U 16078G   23298.43608804  .00006907  00000+0  28763-3 0  9991
2 41890  34.9514 333.4223 0012261 233.7628 126.1953 15.22965739380167
CYGFM03                 
1 41891U 16078H   23298.46110745  .00006529  00000+0  27246-3 0  9992
2 41891  34.9539 334.2476 0011730 231.6866 128.2794 15.22913696380155
FENGYUN 3D              
1 43010U 17072A   23299.12733334  .00000163  00000+0  99306-4 0  9996
2 43010  98.8772 247.8515 0000747 331.5708  28.5427 14.19226793308078
NOAA 20                 
1 43013U 17073A   23299.15263816 -.00000701  00000+0 -31174-3 0  9994
2 43013  98.7224 235.5707 0001536  97.3745 262.7605 14.19527345307553
GOES 17                 
1 43226U 18022A   23298.90882713 -.00000096  00000+0  00000+0 0  9996
2 43226   0.0023 350.7613 0001963 211.6764  54.1191  1.00271231 20746
FENGYUN 2H              
1 43491U 18050A   23298.92830380 -.00000130  00000+0  00000+0 0  9995
2 43491   2.4099  89.1450 0003066 102.3526 255.7404  1.00275009 19830
METOP-C                 
1 43689U 18087A   23299.11403770  .00000171  00000+0  98106-4 0  9998
2 43689  98.7154 356.5558 0003399  52.7118 307.4368 14.21489638257721
GEO-KOMPSAT-2A          
1 43823U 18100A   23297.38098231 -.00000350  00000+0  00000+0 0  9994
2 43823   0.0466  69.1964 0001183  59.9031 168.8636  1.00269298 17938
METEOR-M2 2             
1 44387U 19038A   23299.16258919  .00000081  00000+0  54956-4 0  9994
2 44387  98.7942 262.9049 0000404 334.5658  25.5500 14.23818780223940
FENGYUN 3E              
1 49008U 21062A   23299.17053801  .00000059  00000+0  48663-4 0  9996
2 49008  98.7283 298.6989 0001735  27.4979 332.6289 14.19705879119640
GOES 18                 
1 51850U 22021A   23299.18313073  .00000092  00000+0  00000+0 0  9996
2 51850   0.0089  91.2907 0000505 136.4803  95.4422  1.00271040  6121
NOAA 21 (JPSS-2)        
1 54234U 22150A   23298.88714934  .00000146  00000+0  90190-4 0  9999
2 54234  98.7261 234.8333 0001535  78.8906 281.2443 14.19519735 49597
METEOSAT-12             
1 54743U 22170C   23298.57267788 -.00000038  00000+0  00000+0 0  9999
2 54743   0.4793 328.4957 0001913 213.9098  53.9077  1.00272160  3296
METEOR-M2 3             
1 57166U 23091A   23299.13025376  .00000030  00000+0  32686-4 0  9993
2 57166  98.7495 350.4902 0005100  92.0573 268.1190 14.23850379 17179
FENGYUN 3F              
1 57490U 23111A   23299.20220240  .00000112  00000+0  73800-4 0  9995
2 57490  98.8010   5.1685 0001717  73.4477 286.6887 14.19721808 11936
