NOAA 15                 
1 25338U 98030A   23303.12080795  .00000313  00000+0  14830-3 0  9999
2 25338  98.5950 329.8094 0009245 280.7962  79.2177 14.26421490324496
DMSP 5D-3 F15 (USA 147) 
1 25991U 99067A   23302.95089031  .00000343  00000+0  19431-3 0  9992
2 25991  99.0735 308.8738 0009505 207.5004 210.3375 14.16831120234495
DMSP 5D-3 F16 (USA 172) 
1 28054U 03048A   23303.18603543  .00000288  00000+0  17623-3 0  9994
2 28054  99.0193 302.5557 0007184 354.3065  97.7614 14.13881078 33635
NOAA 18                 
1 28654U 05018A   23303.17387567  .00000350  00000+0  21123-3 0  9993
2 28654  98.8989  16.8427 0014098   2.0524 358.0704 14.13041620950633
METEOSAT-9 (MSG-2)      
1 28912U 05049B   23302.90375544  .00000128  00000+0  00000+0 0  9996
2 28912   7.1552  62.7294 0002733 172.7337 173.5427  1.00272766 65437
EWS-G1 (GOES 13)        
1 29155U 06018A   23302.91683500  .00000039  00000+0  00000+0 0  9999
2 29155   1.8499  89.3911 0005333 143.8786 196.1404  1.00268983 63873
DMSP 5D-3 F17 (USA 191) 
1 29522U 06050A   23303.14700315  .00000308  00000+0  18368-3 0  9992
2 29522  98.7524 313.4561 0008902 279.4370  80.5796 14.14322505876532
FENGYUN 3A              
1 32958U 08026A   23302.82770056  .00000297  00000+0  16281-3 0  9996
2 32958  98.5726 252.0495 0009292  27.1429 333.0231 14.18947269799157
FENGYUN 2E              
1 33463U 08066A   23302.86213153 -.00000202  00000+0  00000+0 0  9991
2 33463   7.0239  62.0074 0000996 240.0309 132.5745  1.00279462 54459
NOAA 19                 
1 33591U 09005A   23303.16470274  .00000313  00000+0  19283-3 0  9999
2 33591  99.0835 351.1493 0013300 220.0437 139.9755 14.12853099759000
GOES 14                 
1 35491U 09033A   23302.63645539 -.00000066  00000+0  00000+0 0  9999
2 35491   0.2888 263.7118 0002596 258.7208 355.8222  1.00271264 52469
DMSP 5D-3 F18 (USA 210) 
1 35951U 09057A   23303.16044052  .00000396  00000+0  23168-3 0  9997
2 35951  98.7854 277.0324 0012205 102.3071 257.9469 14.13892864723713
GOES 15                 
1 36411U 10008A   23302.78080108  .00000049  00000+0  00000+0 0  9997
2 36411   0.2777 274.0680 0006215 326.7655 144.3739  0.99975857 49996
COMS 1                  
1 36744U 10032A   23302.82547352 -.00000343  00000+0  00000+0 0  9995
2 36744   2.3524  87.4856 0001015 139.5614 236.1884  1.00271691 41459
FENGYUN 3B              
1 37214U 10059A   23303.18254420  .00000198  00000+0  12702-3 0  9991
2 37214  99.0783 322.8063 0022616  27.6167  60.5852 14.14396192671599
SUOMI NPP               
1 37849U 11061A   23303.15993160  .00000201  00000+0  11608-3 0  9996
2 37849  98.7153 239.6323 0000904 110.2692  14.3681 14.19543157622089
FENGYUN 2F              
1 38049U 12002A   23303.17283458 -.00000355  00000+0  00000+0 0  9990
2 38049   5.0201  75.3889 0001828  69.1371  67.7174  1.00270452 43257
METEOSAT-10 (MSG-3)     
1 38552U 12035B   23301.29574312 -.00000011  00000+0  00000+0 0  9997
2 38552   2.4516  58.2774 0000618 209.9488 234.1681  1.00273247 41209
METOP-B                 
1 38771U 12049A   23303.17737319  .00000275  00000+0  14552-3 0  9994
2 38771  98.6623   0.1882 0000999  85.4704   7.8537 14.21497147576723
FENGYUN 3C              
1 39260U 13052A   23303.19971822  .00000207  00000+0  12567-3 0  9993
2 39260  98.4283 310.1289 0009925 274.2003  85.8038 14.16097878522634
METEOR-M 2              
1 40069U 14037A   23303.20044607  .00000201  00000+0  11240-3 0  9991
2 40069  98.4286 302.9356 0004929 319.3804  40.7005 14.20833373482822
HIMAWARI-8              
1 40267U 14060A   23302.85856764 -.00000276  00000+0  00000+0 0  9993
2 40267   0.0501  86.8314 0001000 133.8878 266.9650  1.00270563 33224
FENGYUN 2G              
1 40367U 14090A   23302.83447544 -.00000301  00000+0  00000+0 0  9996
2 40367   3.1965  84.1631 0000183 298.2448  55.3780  1.00279602 32356
METEOSAT-11 (MSG-4)     
1 40732U 15034A   23301.58422323  .00000062  00000+0  00000+0 0  9993
2 40732   0.8472  58.0669 0002133 229.0568 329.1691  1.00276414 30362
ELEKTRO-L 2             
1 41105U 15074A   23301.57952400 -.00000115  00000+0  00000+0 0  9995
2 41105   4.2457  82.2210 0003356 160.4933 348.0774  1.00272151 28858
HIMAWARI-9              
1 41836U 16064A   23302.83085094 -.00000275  00000+0  00000+0 0  9999
2 41836   0.0048 127.0904 0001143 123.3950 227.2967  1.00272891 25564
GOES 16                 
1 41866U 16071A   23301.28086223 -.00000250  00000+0  00000+0 0  9996
2 41866   0.0389 282.8616 0001060 336.4102 163.0235  1.00270882 25449
FENGYUN 4A              
1 41882U 16077A   23302.83757912 -.00000331  00000+0  00000+0 0  9992
2 41882   0.1463 290.9613 0005376  84.0706  69.0459  1.00273521 25297
CYGFM05                 
1 41884U 16078A   23302.77425295  .00010605  00000+0  45033-3 0  9997
2 41884  34.9554 320.4860 0014063 252.8831 107.0343 15.22206699380745
CYGFM04                 
1 41885U 16078B   23303.08601070  .00010611  00000+0  44071-3 0  9998
2 41885  34.9482 304.5909 0012727 275.3101  84.6161 15.22970295381028
CYGFM02                 
1 41886U 16078C   23302.74119473  .00011044  00000+0  45901-3 0  9996
2 41886  34.9576 309.2041 0013225 266.0565  93.8637 15.22934662380899
CYGFM01                 
1 41887U 16078D   23303.17446558  .00010632  00000+0  45462-3 0  9996
2 41887  34.9520 321.2644 0014424 255.0147 104.8970 15.21967549380867
CYGFM08                 
1 41888U 16078E   23302.72212632  .00010360  00000+0  43503-3 0  9993
2 41888  34.9486 314.0974 0013774 265.7212  94.1927 15.22590609380833
CYGFM07                 
1 41890U 16078G   23302.69692793  .00010573  00000+0  43818-3 0  9997
2 41890  34.9504 306.6102 0012414 269.7009  90.2282 15.23047488380817
CYGFM03                 
1 41891U 16078H   23302.72209198  .00010802  00000+0  44842-3 0  9998
2 41891  34.9535 307.4374 0011756 267.1757  92.7612 15.22996667380806
FENGYUN 3D              
1 43010U 17072A   23303.14585272  .00000221  00000+0  12685-3 0  9999
2 43010  98.8780 251.8776 0000557 309.6529  50.4597 14.19229024308642
NOAA 20                 
1 43013U 17073A   23303.09983136  .00000185  00000+0  10856-3 0  9995
2 43013  98.7232 239.4590 0001575  94.5602 265.5754 14.19529794308118
GOES 17                 
1 43226U 18022A   23302.63810509 -.00000091  00000+0  00000+0 0  9991
2 43226   0.0006 348.1578 0002031 223.5871 311.0243  1.00271555 20782
FENGYUN 2H              
1 43491U 18050A   23302.75667718 -.00000127  00000+0  00000+0 0  9991
2 43491   2.4205  89.0922 0003101 107.9226 192.2575  1.00275118 19790
METOP-C                 
1 43689U 18087A   23303.19656291  .00000247  00000+0  13311-3 0  9998
2 43689  98.7147   0.5857 0003225  43.7618 316.3814 14.21492147258303
GEO-KOMPSAT-2A          
1 43823U 18100A   23302.82556542 -.00000344  00000+0  00000+0 0  9997
2 43823   0.0236  67.5654 0000930  94.5225 301.2676  1.00270570 17998
METEOR-M2 2             
1 44387U 19038A   23303.16816519  .00000105  00000+0  65395-4 0  9992
2 44387  98.7949 266.9106 0000206 298.2951  61.8207 14.23820038224517
FENGYUN 3E              
1 49008U 21062A   23303.18771375  .00000068  00000+0  52994-4 0  9998
2 49008  98.7282 302.6590 0001541  19.0187 341.1046 14.19706795120215
GOES 18                 
1 51850U 22021A   23300.46298788  .00000093  00000+0  00000+0 0  9996
2 51850   0.0111  79.7017 0000552 158.9902 186.5320  1.00271835  6111
NOAA 21 (JPSS-2)        
1 54234U 22150A   23302.90485047  .00000209  00000+0  11994-3 0  9992
2 54234  98.7268 238.7925 0001505  75.8308 284.3036 14.19521847 50168
METEOSAT-12             
1 54743U 22170C   23301.58169956 -.00000034  00000+0  00000+0 0  9999
2 54743   0.4745 329.2611 0001889 220.5010  52.7736  1.00272795  3326
METEOR-M2 3             
1 57166U 23091A   23303.20601635  .00000066  00000+0  48225-4 0  9990
2 57166  98.7487 354.5448 0005083  82.7412 277.4344 14.23851271 17758
FENGYUN 3F              
1 57490U 23111A   23303.21932767  .00000187  00000+0  10932-3 0  9994
2 57490  98.8004   9.1609 0001636  68.6276 291.5075 14.19723596 12506
