NOAA 15                 
1 25338U 98030A   23295.61523936  .00000244  00000+0  11934-3 0  9997
2 25338  98.5962 322.4417 0009377 305.2471  54.7831 14.26416374323175
DMSP 5D-3 F15 (USA 147) 
1 25991U 99067A   23295.61684338  .00000277  00000+0  16152-3 0  9990
2 25991  99.0739 301.3953 0009220 229.6366 241.0798 14.16825640233451
DMSP 5D-3 F16 (USA 172) 
1 28054U 03048A   23295.61780260  .00000253  00000+0  15764-3 0  9990
2 28054  99.0194 294.9214 0007569  15.3980  96.0276 14.13876194 32589
NOAA 18                 
1 28654U 05018A   23295.52652778  .00000271  00000+0  16870-3 0  9996
2 28654  98.8995   9.2418 0014473  23.6355 336.5479 14.13035855949466
METEOSAT-9 (MSG-2)      
1 28912U 05049B   23295.50172807  .00000129  00000+0  00000+0 0  9991
2 28912   7.1347  62.7682 0002234 159.6609  34.5650  1.00271140 65330
EWS-G1 (GOES 13)        
1 29155U 06018A   23295.50494792  .00000038  00000+0  00000+0 0  9997
2 29155   1.8292  89.5390 0004904 137.1243  47.2618  1.00267520 33667
DMSP 5D-3 F17 (USA 191) 
1 29522U 06050A   23295.57729557  .00000247  00000+0  15198-3 0  9998
2 29522  98.7531 306.0391 0009017 303.4946  56.5365 14.14317468875462
FENGYUN 3A              
1 32958U 08026A   23295.56468742  .00000264  00000+0  14694-3 0  9994
2 32958  98.5710 245.0249 0009623  46.4674 313.7300 14.18942680798000
FENGYUN 2E              
1 33463U 08066A   23295.36658192 -.00000197  00000+0  00000+0 0  9996
2 33463   7.0055  62.0569 0001242 228.3131 318.4873  1.00267053 54383
NOAA 19                 
1 33591U 09005A   23295.58715954  .00000252  00000+0  16004-3 0  9992
2 33591  99.0849 343.4646 0013039 242.4397 117.5450 14.12847764757678
GOES 14                 
1 35491U 09033A   23295.52560722 -.00000067  00000+0  00000+0 0  9999
2 35491   0.3101 264.1851 0003032 246.6350 320.5380  1.00271074 52392
DMSP 5D-3 F18 (USA 210) 
1 35951U 09057A   23295.51766086  .00000351  00000+0  20775-3 0  9996
2 35951  98.7843 269.5214 0011988 122.2839 237.9497 14.13886328722654
GOES 15                 
1 36411U 10008A   23295.57909119 -.00000016  00000+0  00000+0 0  9992
2 36411   0.2963 274.3378 0005672 320.9599  77.8953  0.99973430 49936
COMS 1                  
1 36744U 10032A   23295.60053059 -.00000344  00000+0  00000+0 0  9999
2 36744   2.3327  87.5303 0000822 111.2824 176.3324  1.00271869 41375
FENGYUN 3B              
1 37214U 10059A   23295.61719780  .00000140  00000+0  96760-4 0  9998
2 37214  99.0793 315.1188 0022926  48.4305  59.7413 14.14392788670489
SUOMI NPP               
1 37849U 11061A   23295.62747767  .00000182  00000+0  10688-3 0  9993
2 37849  98.7139 232.2194 0000738 103.9534  68.8911 14.19539717621027
FENGYUN 2F              
1 38049U 12002A   23295.63389766 -.00000355  00000+0  00000+0 0  9990
2 38049   4.9999  75.4542 0002238  57.7037 237.6274  1.00274137 43167
METEOSAT-10 (MSG-3)     
1 38552U 12035B   23295.27764479 -.00000009  00000+0  00000+0 0  9999
2 38552   2.4376  58.1567 0000173 192.3410 239.4300  1.00272150 41149
METOP-B                 
1 38771U 12049A   23295.57728890  .00000198  00000+0  11020-3 0  9993
2 38771  98.6638 352.7303 0001105  90.4318  12.0838 14.21516835575659
FENGYUN 3C              
1 39260U 13052A   23295.56880070  .00000154  00000+0  98422-4 0  9994
2 39260  98.4288 302.9059 0010051 298.7287  61.2877 14.16094286521492
METEOR-M 2              
1 40069U 14037A   23295.59494396  .00000161  00000+0  93478-4 0  9996
2 40069  98.4287 295.6803 0005340 343.8784  16.2223 14.20829861481742
HIMAWARI-8              
1 40267U 14060A   23295.60618797 -.00000277  00000+0  00000+0 0  9990
2 40267   0.0262 119.5967 0000915  59.2473 210.8363  1.00272969 33043
FENGYUN 2G              
1 40367U 14090A   23295.61923387 -.00000301  00000+0  00000+0 0  9997
2 40367   3.1764  84.2379 0000636 355.1476 273.5633  1.00282465 32284
METEOSAT-11 (MSG-4)     
1 40732U 15034A   23295.27955929  .00000062  00000+0  00000+0 0  9994
2 40732   0.8336  57.5361 0002100 228.3809 214.3953  1.00274451 30307
ELEKTRO-L 2             
1 41105U 15074A   23295.27486007 -.00000114  00000+0  00000+0 0  9998
2 41105   4.2281  82.2921 0003128 154.0898 238.5291  1.00270383 28793
HIMAWARI-9              
1 41836U 16064A   23295.60618795 -.00000277  00000+0  00000+0 0  9997
2 41836   0.0404  70.0887 0000699 165.7879 153.9273  1.00269323 25484
GOES 16                 
1 41866U 16071A   23295.54924243 -.00000250  00000+0  00000+0 0  9990
2 41866   0.0426 285.1973 0000675 319.3497 268.7153  1.00273257 25396
FENGYUN 4A              
1 41882U 16077A   23295.62507427 -.00000332  00000+0  00000+0 0  9995
2 41882   0.1656 289.2941 0005438  90.4614 340.6186  1.00277525 25220
CYGFM05                 
1 41884U 16078A   23295.29713879  .00007260  00000+0  31017-3 0  9993
2 41884  34.9554   7.4714 0013503 189.0247 171.0225 15.22074591379602
CYGFM04                 
1 41885U 16078B   23295.54708129  .00008056  00000+0  33648-3 0  9990
2 41885  34.9493 352.0253 0012296 211.5562 148.4415 15.22834465379716
CYGFM02                 
1 41886U 16078C   23295.46432398  .00007351  00000+0  30744-3 0  9995
2 41886  34.9577 354.9811 0012940 204.7749 155.2345 15.22801807379787
CYGFM01                 
1 41887U 16078D   23295.56496715  .00007657  00000+0  32931-3 0  9999
2 41887  34.9521   9.0659 0013904 189.9986 170.0452 15.21833032379589
CYGFM08                 
1 41888U 16078E   23295.31248293  .00007636  00000+0  32245-3 0  9994
2 41888  34.9500   0.6902 0013204 202.1582 157.8561 15.22461583379705
CYGFM07                 
1 41890U 16078G   23295.55171908  .00008069  00000+0  33618-3 0  9997
2 41890  34.9519 351.5710 0011936 209.1013 150.9036 15.22920918379724
CYGFM03                 
1 41891U 16078H   23295.51108422  .00007771  00000+0  32438-3 0  9993
2 41891  34.9547 352.8062 0011451 206.5266 153.4863 15.22869447379852
FENGYUN 3D              
1 43010U 17072A   23295.60231195  .00000209  00000+0  12138-3 0  9991
2 43010  98.8764 244.3204 0000916 345.1526  14.9623 14.19225140307579
NOAA 20                 
1 43013U 17073A   23295.55799023  .00000171  00000+0  10182-3 0  9993
2 43013  98.7218 232.0300 0001542  91.1859 268.9494 14.19581291307040
GOES 17                 
1 43226U 18022A   23295.52729788 -.00000092  00000+0  00000+0 0  9999
2 43226   0.0329  73.0804 0001924 122.8423 279.9527  1.00272100 20717
FENGYUN 2H              
1 43491U 18050A   23295.58004844 -.00000127  00000+0  00000+0 0  9998
2 43491   2.4004  89.1883 0003041  97.4936 131.8411  1.00275391 19722
METOP-C                 
1 43689U 18087A   23295.59461448  .00000194  00000+0  10877-3 0  9995
2 43689  98.7159 353.0815 0003532  60.7646 299.3884 14.21488018257226
GEO-KOMPSAT-2A          
1 43823U 18100A   23295.59910115 -.00000346  00000+0  00000+0 0  9994
2 43823   0.0490  61.4232 0001384  63.9069 249.4109  1.00271029 17911
METEOR-M2 2             
1 44387U 19038A   23295.57865019  .00000100  00000+0  63462-4 0  9994
2 44387  98.7935 259.3212 0000589 351.1669   8.9499 14.23817779223438
FENGYUN 3E              
1 49008U 21062A   23295.57622080  .00000034  00000+0  36745-4 0  9998
2 49008  98.7283 295.1556 0001909  34.5556 325.5744 14.19705111119135
GOES 18                 
1 51850U 22021A   23295.53705925  .00000095  00000+0  00000+0 0  9995
2 51850   0.0054  32.9362 0000376 135.8161 278.3166  1.00272183  6065
NOAA 21 (JPSS-2)        
1 54234U 22150A   23295.57430421  .00000190  00000+0  11105-3 0  9995
2 54234  98.7255 231.5690 0001534  81.3923 278.7427 14.19518240 49129
METEOSAT-12             
1 54743U 22170C   23295.56351414 -.00000034  00000+0  00000+0 0  9991
2 54743   0.4843 327.7408 0001947 207.8537  54.4499  1.00271884  3265
METEOR-M2 3             
1 57166U 23091A   23295.61666339  .00000023  00000+0  29328-4 0  9993
2 57166  98.7501 346.9947 0005101  99.9352 260.2402 14.23849835 16676
FENGYUN 3F              
1 57490U 23111A   23295.53745303  .00000127  00000+0  80826-4 0  9991
2 57490  98.8014   1.5260 0001807  78.0426 282.0952 14.19720609 11407
