NOAA 15                 
1 25338U 98030A   23297.50916992  .00000242  00000+0  11863-3 0  9994
2 25338  98.5960 324.3010 0009345 299.1288  60.8956 14.26417534323440
DMSP 5D-3 F15 (USA 147) 
1 25991U 99067A   23297.59365580  .00000278  00000+0  16175-3 0  9990
2 25991  99.0738 303.4111 0009277 223.6117 244.3819 14.16826955233730
DMSP 5D-3 F16 (USA 172) 
1 28054U 03048A   23297.59759926  .00000238  00000+0  14940-3 0  9992
2 28054  99.0194 296.9184 0007463  10.0293  92.8828 14.13877338 32868
NOAA 18                 
1 28654U 05018A   23297.57998522  .00000258  00000+0  16215-3 0  9991
2 28654  98.8994  11.2828 0014383  17.8925 342.2751 14.13037241949751
METEOSAT-9 (MSG-2)      
1 28912U 05049B   23297.50777429  .00000126  00000+0  00000+0 0  9991
2 28912   7.1396  62.7545 0002359 162.2138  36.1772  1.00271907 65353
EWS-G1 (GOES 13)        
1 29155U 06018A   23297.51099413  .00000034  00000+0  00000+0 0  9997
2 29155   1.8348  89.5083 0005026 139.1384  49.4023  1.00267788 33684
DMSP 5D-3 F17 (USA 191) 
1 29522U 06050A   23297.55815574  .00000248  00000+0  15251-3 0  9994
2 29522  98.7530 307.9801 0008974 297.2371  62.7887 14.14318779875745
FENGYUN 3A              
1 32958U 08026A   23297.46858638  .00000253  00000+0  14139-3 0  9994
2 32958  98.5715 246.8663 0009551  41.5450 318.6451 14.18943826798275
FENGYUN 2E              
1 33463U 08066A   23297.56835765 -.00000200  00000+0  00000+0 0  9998
2 33463   7.0109  62.0427 0001383 224.6789  36.9045  1.00266422 54405
NOAA 19                 
1 33591U 09005A   23297.57007032  .00000254  00000+0  16110-3 0  9994
2 33591  99.0846 345.4757 0013092 236.5745 123.4175 14.12848942757950
GOES 14                 
1 35491U 09033A   23297.50327091 -.00000071  00000+0  00000+0 0  9994
2 35491   0.3044 263.9812 0002920 249.5191 311.7610  1.00270955 52410
DMSP 5D-3 F18 (USA 210) 
1 35951U 09057A   23297.56989231  .00000340  00000+0  20225-3 0  9990
2 35951  98.7846 271.5381 0012060 116.8741 243.3666 14.13887868722949
GOES 15                 
1 36411U 10008A   23297.51308267 -.00000002  00000+0  00000+0 0  9990
2 36411   0.2915 274.2056 0005835 322.8810  52.1779  0.99974069 49956
COMS 1                  
1 36744U 10032A   23297.59241441 -.00000348  00000+0  00000+0 0  9997
2 36744   2.3382  87.5141 0000883 125.4861 161.1849  1.00270852 41398
FENGYUN 3B              
1 37214U 10059A   23297.59768019  .00000141  00000+0  97264-4 0  9997
2 37214  99.0791 317.1314 0022851  43.0243  63.8102 14.14393683670766
SUOMI NPP               
1 37849U 11061A   23297.60116163  .00000162  00000+0  97403-4 0  9992
2 37849  98.7143 234.1616 0000766 106.9675  66.4032 14.19540557621305
FENGYUN 2F              
1 38049U 12002A   23297.49781193 -.00000358  00000+0  00000+0 0  9999
2 38049   5.0049  75.4391 0002143  60.5492 187.6555  1.00272994 43186
METEOSAT-10 (MSG-3)     
1 38552U 12035B   23297.28369104 -.00000013  00000+0  00000+0 0  9993
2 38552   2.4423  58.1979 0000308 200.9638 234.9239  1.00272354 41166
METOP-B                 
1 38771U 12049A   23297.62742954  .00000185  00000+0  10434-3 0  9992
2 38771  98.6635 354.7422 0001084  90.4715  57.6346 14.21517852575948
FENGYUN 3C              
1 39260U 13052A   23297.54718805  .00000165  00000+0  10419-3 0  9991
2 39260  98.4287 304.7786 0009999 292.3644  67.6472 14.16095228521773
METEOR-M 2              
1 40069U 14037A   23297.56674237  .00000152  00000+0  89354-4 0  9997
2 40069  98.4287 297.5613 0005223 337.7544  22.3406 14.20830716482022
HIMAWARI-8              
1 40267U 14060A   23297.66511442 -.00000281  00000+0  00000+0 0  9992
2 40267   0.0401  78.8479 0000905 113.2000 220.8814  1.00272054 33068
FENGYUN 2G              
1 40367U 14090A   23297.63930499 -.00000304  00000+0  00000+0 0  9996
2 40367   3.1821  84.2177 0000484 352.4355 285.5867  1.00281424 32300
METEOSAT-11 (MSG-4)     
1 40732U 15034A   23297.28560552  .00000058  00000+0  00000+0 0  9996
2 40732   0.8379  57.7036 0002115 228.6877 218.0978  1.00275073 30320
ELEKTRO-L 2             
1 41105U 15074A   23297.28090630 -.00000118  00000+0  00000+0 0  9998
2 41105   4.2337  82.2703 0003259 155.7690 241.0155  1.00270137 28814
HIMAWARI-9              
1 41836U 16064A   23297.55059784 -.00000282  00000+0  00000+0 0  9996
2 41836   0.0153 225.4252 0005295  63.9053  82.3300  1.00261404 25508
GOES 16                 
1 41866U 16071A   23297.48375604 -.00000254  00000+0  00000+0 0  9990
2 41866   0.0492 281.3020 0000760 329.6302 240.6657  1.00271942 25414
FENGYUN 4A              
1 41882U 16077A   23297.53478447 -.00000336  00000+0  00000+0 0  9990
2 41882   0.1604 289.7193 0005386  88.9823 311.0866  1.00276422 25247
CYGFM05                 
1 41884U 16078A   23297.52721548  .00006933  00000+0  29595-3 0  9997
2 41884  34.9553 353.4592 0013748 208.3335 151.6632 15.22110394379948
CYGFM04                 
1 41885U 16078B   23297.51381593  .00007196  00000+0  30042-3 0  9990
2 41885  34.9492 339.6522 0012478 228.3436 131.6210 15.22866870380010
CYGFM02                 
1 41886U 16078C   23297.49665914  .00007143  00000+0  29845-3 0  9991
2 41886  34.9574 342.1977 0013088 222.0604 137.9106 15.22835431380091
CYGFM01                 
1 41887U 16078D   23297.53299764  .00006789  00000+0  29189-3 0  9999
2 41887  34.9519 356.7043 0014110 207.0751 152.9227 15.21863793379886
CYGFM08                 
1 41888U 16078E   23297.47641766  .00006968  00000+0  29409-3 0  9990
2 41888  34.9500 347.0843 0013463 221.1588 138.8111 15.22497336380034
CYGFM07                 
1 41890U 16078G   23297.45278913  .00007384  00000+0  30750-3 0  9995
2 41890  34.9517 339.6095 0012149 225.4171 134.5552 15.22952087380015
CYGFM03                 
1 41891U 16078H   23297.47777482  .00006830  00000+0  28503-3 0  9991
2 41891  34.9542 340.4340 0011658 223.3771 136.6026 15.22900582380005
FENGYUN 3D              
1 43010U 17072A   23297.57632430  .00000174  00000+0  10468-3 0  9991
2 43010  98.8768 246.2978 0000809 337.7218  22.3923 14.19226106307858
NOAA 20                 
1 43013U 17073A   23297.60199625  .00000138  00000+0  86138-4 0  9991
2 43013  98.7222 234.0434 0001564  89.4779 270.6577 14.19582082307333
GOES 17                 
1 43226U 18022A   23297.50327091 -.00000096  00000+0  00000+0 0  9994
2 43226   0.0055 296.4900 0001938 262.9546 269.7285  1.00271020 20738
FENGYUN 2H              
1 43491U 18050A   23297.56778935 -.00000130  00000+0  00000+0 0  9991
2 43491   2.4060  89.1628 0003064 100.1229 126.8091  1.00275110 19742
METOP-C                 
1 43689U 18087A   23297.63588039  .00000187  00000+0  10543-3 0  9990
2 43689  98.7156 355.0966 0003461  56.1381 304.0125 14.21489026257512
GEO-KOMPSAT-2A          
1 43823U 18100A   23297.38098231 -.00000350  00000+0  00000+0 0  9994
2 43823   0.0466  69.1964 0001183  59.9031 168.8636  1.00269298 17938
METEOR-M2 2             
1 44387U 19038A   23297.54630335  .00000080  00000+0  54492-4 0  9994
2 44387  98.7938 261.2887 0000482 344.2618  15.8546 14.23818298223718
FENGYUN 3E              
1 49008U 21062A   23297.54957170  .00000058  00000+0  47959-4 0  9993
2 49008  98.7283 297.1009 0001821  30.9650 329.1633 14.19705558119411
GOES 18                 
1 51850U 22021A   23297.47148584  .00000091  00000+0  00000+0 0  9998
2 51850   0.0243  90.1578 0000401  83.5590 251.6473  1.00271204  6118
NOAA 21 (JPSS-2)        
1 54234U 22150A   23297.54791440  .00000169  00000+0  10103-3 0  9998
2 54234  98.7259 233.5137 0001534  80.0580 280.0769 14.19519180 49406
METEOSAT-12             
1 54743U 22170C   23297.32966192 -.00000038  00000+0  00000+0 0  9996
2 54743   0.4817 328.1733 0001925 211.3192 328.1080  1.00272016  3282
METEOR-M2 3             
1 57166U 23091A   23297.58427418  .00000040  00000+0  37013-4 0  9993
2 57166  98.7498 348.9522 0005104  95.5076 264.6685 14.23850165 16950
FENGYUN 3F              
1 57490U 23111A   23297.58125596  .00000117  00000+0  76304-4 0  9999
2 57490  98.8012   3.5575 0001759  75.1445 284.9926 14.19721264 11692
