NOAA 15                 
1 25338U 98030A   23297.50916992  .00000242  00000+0  11863-3 0  9994
2 25338  98.5960 324.3010 0009345 299.1288  60.8956 14.26417534323697
DMSP 5D-3 F15 (USA 147) 
1 25991U 99067A   23296.94815936  .00000303  00000+0  17439-3 0  9996
2 25991  99.0739 302.7529 0009257 225.5885 191.8311 14.16826671233645
DMSP 5D-3 F16 (USA 172) 
1 28054U 03048A   23297.46636132  .00000248  00000+0  15512-3 0  9998
2 28054  99.0194 296.7861 0007467  10.3841 144.9030 14.13877317 32821
NOAA 18                 
1 28654U 05018A   23297.43836752  .00000267  00000+0  16665-3 0  9991
2 28654  98.8994  11.1421 0014392  18.2840 341.8847 14.13037197949829
METEOSAT-9 (MSG-2)      
1 28912U 05049B   23297.00627194  .00000127  00000+0  00000+0 0  9990
2 28912   7.1384  62.7579 0002328 161.5292 215.8236  1.00271713 65385
EWS-G1 (GOES 13)        
1 29155U 06018A   23297.15273103  .00000035  00000+0  00000+0 0  9998
2 29155   1.8338  89.5133 0005004 138.7262 280.4871  1.00267734 63812
DMSP 5D-3 F17 (USA 191) 
1 29522U 06050A   23297.48741076  .00000248  00000+0  15247-3 0  9996
2 29522  98.7530 307.9107 0008977 297.4555  62.5705 14.14318735875731
FENGYUN 3A              
1 32958U 08026A   23297.46858638  .00000253  00000+0  14139-3 0  9994
2 32958  98.5715 246.8663 0009551  41.5450 318.6451 14.18943826798398
FENGYUN 2E              
1 33463U 08066A   23297.48107506 -.00000200  00000+0  00000+0 0  9994
2 33463   7.0107  62.0435 0001378 224.8952   5.1813  1.00266440 54399
NOAA 19                 
1 33591U 09005A   23297.42843388  .00000260  00000+0  16427-3 0  9998
2 33591  99.0846 345.3321 0013087 236.9980 122.9934 14.12848890758191
GOES 14                 
1 35491U 09033A   23297.50327091 -.00000072  00000+0  00000+0 0  9995
2 35491   0.3044 263.9812 0002920 249.5191 311.7610  1.00270955 52465
DMSP 5D-3 F18 (USA 210) 
1 35951U 09057A   23297.49912574  .00000342  00000+0  20305-3 0  9999
2 35951  98.7846 271.4685 0012060 117.0578 243.1827 14.13887836722915
GOES 15                 
1 36411U 10008A   23297.08328698 -.00000005  00000+0  00000+0 0  9995
2 36411   0.2927 274.2231 0005772 322.6456 257.7060  0.99973625 49939
COMS 1                  
1 36744U 10032A   23297.54528068 -.00000347  00000+0  00000+0 0  9994
2 36744   2.3381  87.5147 0000881 124.4937 145.1622  1.00270878 48963
FENGYUN 3B              
1 37214U 10059A   23297.53587010  .00000148  00000+0  10094-3 0  9993
2 37214  99.0791 317.0686 0022854  43.1925 109.0907 14.14393677670790
SUOMI NPP               
1 37849U 11061A   23297.52049618  .00000164  00000+0  98448-4 0  9995
2 37849  98.7143 234.0823 0000766 106.7485  14.6260 14.19540535621282
FENGYUN 2F              
1 38049U 12002A   23297.49781193 -.00000358  00000+0  00000+0 0  9999
2 38049   5.0049  75.4391 0002143  60.5492 187.6555  1.00272994 43197
METEOSAT-10 (MSG-3)     
1 38552U 12035B   23297.14979810 -.00000013  00000+0  00000+0 0  9999
2 38552   2.4421  58.1966 0000296 199.6209 187.9344  1.00272339 41521
METOP-B                 
1 38771U 12049A   23297.48013247  .00000186  00000+0  10483-3 0  9997
2 38771  98.6635 354.5977 0001085  90.4855  24.2590 14.21517763575916
FENGYUN 3C              
1 39260U 13052A   23297.47653138  .00000166  00000+0  10477-3 0  9995
2 39260  98.4287 304.7117 0010000 292.5931  67.4186 14.16095201521824
METEOR-M 2              
1 40069U 14037A   23297.49632102  .00000152  00000+0  89580-4 0  9995
2 40069  98.4287 297.4941 0005227 337.9752  22.1200 14.20830692482014
HIMAWARI-8              
1 40267U 14060A   23297.16847308 -.00000280  00000+0  00000+0 0  9999
2 40267   0.0371  90.3907 0000904  98.8045  44.4524  1.00272229 33168
FENGYUN 2G              
1 40367U 14090A   23297.53137304 -.00000304  00000+0  00000+0 0  9999
2 40367   3.1817  84.2191 0000494 352.8205 246.2345  1.00281470 32340
METEOSAT-11 (MSG-4)     
1 40732U 15034A   23297.28560552  .00000058  00000+0  00000+0 0  9996
2 40732   0.8379  57.7036 0002115 228.6877 218.0978  1.00275073 30319
ELEKTRO-L 2             
1 41105U 15074A   23297.28090630 -.00000118  00000+0  00000+0 0  9998
2 41105   4.2337  82.2703 0003259 155.7690 241.0155  1.00270137 28825
HIMAWARI-9              
1 41836U 16064A   23297.55059784 -.00000282  00000+0  00000+0 0  9996
2 41836   0.0153 225.4252 0005295  63.9053  82.3300  1.00261404 25610
GOES 16                 
1 41866U 16071A   23297.18876602 -.00000254  00000+0  00000+0 0  9991
2 41866   0.0500 281.2171 0000735 326.6095 137.2835  1.00272150 25408
FENGYUN 4A              
1 41882U 16077A   23297.53478447 -.00000336  00000+0  00000+0 0  9990
2 41882   0.1604 289.7193 0005386  88.9823 311.0866  1.00276422 25281
CYGFM05                 
1 41884U 16078A   23297.19926579  .00007285  00000+0  31091-3 0  9996
2 41884  34.9552 355.5197 0013726 205.5507 154.4529 15.22106121379991
CYGFM04                 
1 41885U 16078B   23297.18602931  .00007550  00000+0  31515-3 0  9995
2 41885  34.9491 341.7144 0012448 225.5833 134.3862 15.22862400380120
CYGFM02                 
1 41886U 16078C   23296.84107131  .00007995  00000+0  33395-3 0  9991
2 41886  34.9575 346.3215 0013044 216.5251 143.4574 15.22826656379998
CYGFM01                 
1 41887U 16078D   23297.20499482  .00007142  00000+0  30702-3 0  9999
2 41887  34.9520 358.7646 0014078 204.3601 155.6448 15.21859626379959
CYGFM08                 
1 41888U 16078E   23297.21412467  .00006875  00000+0  29020-3 0  9992
2 41888  34.9500 348.7334 0013426 218.8870 141.0878 15.22493937380021
CYGFM07                 
1 41890U 16078G   23297.19057440  .00007095  00000+0  29555-3 0  9996
2 41890  34.9517 341.2594 0012132 223.2147 136.7615 15.22948301380129
CYGFM03                 
1 41891U 16078H   23296.82221507  .00007685  00000+0  32059-3 0  9991
2 41891  34.9544 344.5580 0011591 217.8718 142.1181 15.22892177379904
FENGYUN 3D              
1 43010U 17072A   23297.50582388  .00000177  00000+0  10573-3 0  9990
2 43010  98.8768 246.2272 0000813 338.0970  22.0171 14.19226083307844
NOAA 20                 
1 43013U 17073A   23297.53151331  .00000138  00000+0  85892-4 0  9991
2 43013  98.7222 233.9740 0001563  89.5724 270.5632 14.19582051307327
GOES 17                 
1 43226U 18022A   23297.50327091 -.00000097  00000+0  00000+0 0  9995
2 43226   0.0055 296.4900 0001938 262.9546 269.7285  1.00271020 20749
FENGYUN 2H              
1 43491U 18050A   23297.15621194 -.00000130  00000+0  00000+0 0  9990
2 43491   2.4048  89.1676 0003049  99.7883 338.5602  1.00275151 19816
METOP-C                 
1 43689U 18087A   23297.42471501  .00000195  00000+0  10937-3 0  9998
2 43689  98.7157 354.8882 0003470  56.6447 303.5062 14.21488958257488
GEO-KOMPSAT-2A          
1 43823U 18100A   23297.38098231 -.00000349  00000+0  00000+0 0  9992
2 43823   0.0466  69.1964 0001183  59.9031 168.8636  1.00269298 17961
METEOR-M2 2             
1 44387U 19038A   23297.47603003  .00000094  00000+0  60509-4 0  9999
2 44387  98.7938 261.2184 0000485 344.7353  15.3811 14.23818331223709
FENGYUN 3E              
1 49008U 21062A   23297.47909489  .00000060  00000+0  49017-4 0  9995
2 49008  98.7283 297.0315 0001824  31.0981 329.0303 14.19705555119401
GOES 18                 
1 51850U 22021A   23297.47148584  .00000091  00000+0  00000+0 0  9998
2 51850   0.0243  90.1578 0000401  83.5590 251.6473  1.00271204  6118
NOAA 21 (JPSS-2)        
1 54234U 22150A   23296.84305375  .00000193  00000+0  11251-3 0  9990
2 54234  98.7257 232.8191 0001540  80.4340 279.7010 14.19518944 49301
METEOSAT-12             
1 54743U 22170C   23296.85396642 -.00000037  00000+0  00000+0 0  9999
2 54743   0.4825 328.0592 0001942 210.0694 157.7518  1.00271974  3278
METEOR-M2 3             
1 57166U 23091A   23297.44373059  .00000028  00000+0  31763-4 0  9991
2 57166  98.7499 348.8124 0005110  95.8198 264.3563 14.23850106 16938
FENGYUN 3F              
1 57490U 23111A   23297.51078002  .00000118  00000+0  76889-4 0  9990
2 57490  98.8012   3.4874 0001763  75.2488 284.8883 14.19721240 11691
